9.858649957436649 54.462172457544987
10.040853347267158 54.520964830426344
10.078459279470547 54.545329237206005
10.104412669301055 54.596706355850074
10.130366059131564 54.669799576189057
10.169031313368848 54.810689406697534
10.116594872690882 54.827638559239908
10.115535550656983 54.824460593138213
10.233120296419695 54.788973305002621
10.232060974385796 54.787516737206012
10.115138304894272 54.821150211782282
10.114608643877322 54.815323940595846
10.232723050656983 54.783014618561943
10.231134067606135 54.780366313477202
10.116727287945119 54.811086652460247
10.116197626928169 54.807908686358559
10.229545084555287 54.777188347375507
10.226367118453593 54.77242139822296
10.118316270995965 54.802082415172116
10.11566796591122 54.796256143985673
10.223718813368848 54.769243432121264 
10.222129830318 54.764476482968725
10.117786609979017 54.792018855850081
10.116727287945119 54.786192584663638
10.220011186250204 54.761298516867029
10.217362881165457 54.757061228731438
10.118316270995965 54.781425635511098
10.116727287945119 54.776658686358559
10.214184915063763 54.753883262629742
10.165456101504441 54.762887499917881
10.180816270995965 54.810556991443299
10.156451864216304 54.818501906697541
10.146388304894272 54.766595127036524
10.210477287945119 54.748586652460247
10.124672203199356 54.538840889748386
9.944057796419695 54.476340889748386
9.870964576080711 54.458332415172116
9.870964576080711 54.458332415172116

